76561198066975306|0|1|2922.467041 122.112503 8165.187500
76561198179155326|0|1|2922.467041 122.112503 8165.187500
76561199385591183|0|1|2922.467041 122.112503 8165.187500
76561198246761632|0|1|2922.467041 122.112503 8165.187500
76561198029713740|0|1|2922.467041 122.112503 8165.187500
76561199201445991|0|1|2922.467041 122.112503 8165.187500
76561198224776888|0|1|2922.467041 122.112503 8165.187500
76561198070604725|0|1|2922.467041 122.112503 8165.187500
76561198985918562|0|1|2922.467041 122.112503 8165.187500
76561198311384177|0|1|2922.467041 122.112503 8165.187500
76561198800014938|0|1|2922.467041 122.112503 8165.187500
76561198962288000|0|1|2922.467041 122.112503 8165.187500
76561198879144700|0|1|2922.467041 122.112503 8165.187500
76561198143460406|0|1|2922.467041 122.112503 8165.187500
76561198087938056|0|1|2922.467041 122.112503 8165.187500
76561198176297611|0|1|2922.467041 122.112503 8165.187500
76561198120659455|0|1|2922.467041 122.112503 8165.187500
76561199397540904|0|1|2922.467041 122.112503 8165.187500
76561199104962243|0|1|2922.467041 122.112503 8165.187500
76561199117993984|0|2|4855.692383 92.057640 2357.578125
76561198243279884|0|2|4855.692383 92.057640 2357.578125
76561199163056710|0|2|4855.692383 92.057640 2357.578125
76561199115337865|0|2|4855.692383 92.057640 2357.578125
76561198969244307|0|2|4855.692383 92.057640 2357.578125
76561199400680679|0|2|4855.692383 92.057640 2357.578125
76561198337635046|0|2|4855.692383 92.057640 2357.578125
76561199112652458|0|2|4855.692383 92.057640 2357.578125
76561198203009874|0|2|4855.692383 92.057640 2357.578125
76561198876646580|0|2|4855.692383 92.057640 2357.578125
76561199381546837|0|2|4855.692383 92.057640 2357.578125
76561198364052855|0|2|4855.692383 92.057640 2357.578125
76561198257648128|0|2|4855.692383 92.057640 2357.578125
76561199443892610|0|2|4855.692383 92.057640 2357.578125
76561199181836468|0|2|4855.692383 92.057640 2357.578125
76561198962986709|0|2|4855.692383 92.057640 2357.578125
76561199234412985|0|2|4855.692383 92.057640 2357.578125
76561199057184333|0|2|4855.692383 92.057640 2357.578125
76561198882920440|0|2|4855.692383 92.057640 2357.578125
76561198401869868|0|5|7723.182617 116.232407 4958.132324
76561198022392157|0|5|7723.182617 116.232407 4958.132324
76561198036632458|0|5|7723.182617 116.232407 4958.132324
76561199015305376|0|5|7723.182617 116.232407 4958.132324
76561199568006743|0|5|7723.182617 116.232407 4958.132324
76561198930402521|0|5|7723.182617 116.232407 4958.132324
76561199025303853|0|5|7723.182617 116.232407 4958.132324
76561198346064894|0|5|7723.182617 116.232407 4958.132324
76561198413193576|0|5|7723.182617 116.232407 4958.132324
76561198837410009|0|5|7723.182617 116.232407 4958.132324
76561198954095956|0|5|7723.182617 116.232407 4958.132324
76561198991354579|0|5|7723.182617 116.232407 4958.132324
76561199388025148|0|5|7723.182617 116.232407 4958.132324
76561198801397550|0|5|7723.182617 116.232407 4958.132324
76561199139633075|0|5|7723.182617 116.232407 4958.132324
76561198335185617|0|5|7723.182617 116.232407 4958.132324
76561199040087541|0|5|7723.182617 116.232407 4958.132324
76561198368110471|0|5|7723.182617 116.232407 4958.132324
76561199365561742|0|5|7723.182617 116.232407 4958.132324
76561199102283931|0|5|7723.182617 116.232407 4958.132324
76561198260187467|0|5|7723.182617 116.232407 4958.132324
76561199365849432|0|5|7723.182617 116.232407 4958.132324
76561199422276077|0|5|7723.182617 116.232407 4958.132324
76561198349884545|0|6|1682.606445 42.562496 4076.952393
76561198309520820|0|6|1682.606445 42.562496 4076.952393
76561198255784154|0|6|1682.606445 42.562496 4076.952393
76561198302044196|0|6|1682.606445 42.562496 4076.952393
76561199037789352|0|6|1682.606445 42.562496 4076.952393
76561199096654206|0|6|1682.606445 42.562496 4076.952393
76561198410807619|0|6|1682.606445 42.562496 4076.952393
76561198931456468|0|6|1682.606445 42.562496 4076.952393
76561199390069617|0|6|1682.606445 42.562496 4076.952393
76561198963666551|0|6|1682.606445 42.562496 4076.952393
76561198987661686|0|6|1682.606445 42.562496 4076.952393
76561199161902515|0|6|1682.606445 42.562496 4076.952393
76561199050136748|0|6|1682.606445 42.562496 4076.952393
76561198036325727|0|6|1682.606445 42.562496 4076.952393
76561198163204261|0|6|1682.606445 42.562496 4076.952393
76561199231465659|0|6|1682.606445 42.562496 4076.952393
76561199077859311|0|6|1682.606445 42.562496 4076.952393
76561198835417368|0|6|1682.606445 42.562496 4076.952393
76561199070181802|0|6|1682.606445 42.562496 4076.952393
76561199579526153|0|6|1682.606445 42.562496 4076.952393
76561198213440573|0|6|1682.606445 42.562496 4076.952393
76561199526008292|0|6|1682.606445 42.562496 4076.952393
76561199444714800|0|6|1682.606445 42.562496 4076.952393
76561199074693700|0|6|1682.606445 42.562496 4076.952393
76561198940484790|0|6|1682.606445 42.562496 4076.952393
76561199079604227|0|6|1682.606445 42.562496 4076.952393
76561198803743571|0|6|1682.606445 42.562496 4076.952393
76561198256414483|0|7|4994.9189453125 118.78250122070313 4655.98974609375
76561198861779626|0|7|4994.9189453125 118.78250122070313 4655.98974609375
76561198290018878|0|7|4994.9189453125 118.78250122070313 4655.98974609375
76561199189624339|0|7|4994.9189453125 118.78250122070313 4655.98974609375
76561199179365598|0|7|4994.9189453125 118.78250122070313 4655.98974609375
76561198873291154|0|7|4994.9189453125 118.78250122070313 4655.98974609375
76561199237955176|0|7|4994.9189453125 118.78250122070313 4655.98974609375
76561199232757103|0|7|4994.9189453125 118.78250122070313 4655.98974609375
76561199474455920|0|7|4994.9189453125 118.78250122070313 4655.98974609375
76561199085762367|0|7|4994.9189453125 118.78250122070313 4655.98974609375
76561199137932231|0|7|4994.9189453125 118.78250122070313 4655.98974609375
76561199001109980|0|7|4994.9189453125 118.78250122070313 4655.98974609375
76561198110078734|0|7|4994.9189453125 118.78250122070313 4655.98974609375
76561198181331550|0|7|4994.9189453125 118.78250122070313 4655.98974609375
76561198823704634|0|7|4994.9189453125 118.78250122070313 4655.98974609375
76561198868016587|0|7|4994.9189453125 118.78250122070313 4655.98974609375
76561199210050227|0|8|4692.1162109375 57.20249557495117 1588.56494140625
76561198367971733|0|8|4692.1162109375 57.20249557495117 1588.56494140625
76561198175946729|0|8|4692.1162109375 57.20249557495117 1588.56494140625
76561198181418863|0|8|4692.1162109375 57.20249557495117 1588.56494140625
76561199084995752|0|8|4692.1162109375 57.20249557495117 1588.56494140625
76561198421261985|0|8|4692.1162109375 57.20249557495117 1588.56494140625
76561199344223167|0|8|4692.1162109375 57.20249557495117 1588.56494140625
76561198023802789|0|8|4692.1162109375 57.20249557495117 1588.56494140625
76561198204211709|0|8|4692.1162109375 57.20249557495117 1588.56494140625
76561198150425767|0|8|4692.1162109375 57.20249557495117 1588.56494140625
76561198164554032|0|8|4692.1162109375 57.20249557495117 1588.56494140625
76561199032150097|0|8|4692.1162109375 57.20249557495117 1588.56494140625
76561199228995190|0|8|4692.1162109375 57.20249557495117 1588.56494140625
76561199477633800|0|8|4692.1162109375 57.20249557495117 1588.56494140625
76561198278374063|0|8|4692.1162109375 57.20249557495117 1588.56494140625
76561198356308919|0|11|6881.143066 95.400002 2877.262939
76561197967255483|0|11|6881.143066 95.400002 2877.262939
76561198859796517|0|11|6881.143066 95.400002 2877.262939
76561198850476448|0|11|6881.143066 95.400002 2877.262939
76561198823818839|0|11|6881.143066 95.400002 2877.262939
76561198884322023|0|11|6881.143066 95.400002 2877.262939
76561199079495807|0|11|6881.143066 95.400002 2877.262939
76561198033849441|0|11|6881.143066 95.400002 2877.262939
76561198389069092|0|11|6881.143066 95.400002 2877.262939
76561199113695523|0|11|6881.143066 95.400002 2877.262939
76561197994247156|0|11|6881.143066 95.400002 2877.262939
76561198128048037|0|11|6881.143066 95.400002 2877.262939
76561199060782855|0|11|6881.143066 95.400002 2877.262939
76561198995824371|0|11|6881.143066 95.400002 2877.262939
76561198295108741|0|11|6881.143066 95.400002 2877.262939
76561199278021888|0|11|6881.143066 95.400002 2877.262939
76561198081426489|0|11|6881.143066 95.400002 2877.262939
76561198254716145|0|11|6881.143066 95.400002 2877.262939
76561198874512627|0|11|6881.143066 95.400002 2877.262939
76561198914216225|0|11|6881.143066 95.400002 2877.262939
76561198857133178|0|12|3185.355957 110.746834 13196.605469  
76561198076823983|0|12|3185.355957 110.746834 13196.605469
76561198951185150|0|12|3185.355957 110.746834 13196.605469
76561198969339874|0|12|3185.355957 110.746834 13196.605469
76561198236901014|0|12|3185.355957 110.746834 13196.605469
76561198879570573|0|12|3185.355957 110.746834 13196.605469
76561198060780908|0|12|3185.355957 110.746834 13196.605469
76561199443609693|0|12|3185.355957 110.746834 13196.605469
76561198316719648|0|12|3185.355957 110.746834 13196.605469
76561198174238773|0|12|3185.355957 110.746834 13196.605469
76561199241329445|0|12|3185.355957 110.746834 13196.605469
76561198020066884|0|12|3185.355957 110.746834 13196.605469
76561198329372542|0|12|3185.355957 110.746834 13196.605469
76561198401025946|0|12|3185.355957 110.746834 13196.605469
76561198831284510|0|12|3185.355957 110.746834 13196.605469
76561198077823043|0|12|3185.355957 110.746834 13196.605469
76561199062608413|0|12|3185.355957 110.746834 13196.605469
76561199038201851|0|12|3185.355957 110.746834 13196.605469
76561198139243522|0|12|3185.355957 110.746834 13196.605469
76561199385373507|0|12|3185.355957 110.746834 13196.605469
76561198097927260|0|12|3185.355957 110.746834 13196.605469
76561198013793202|0|15|2927.364014 91.313400 1212.486084
76561198203192853|0|15|2927.364014 91.313400 1212.486084
76561198421841654|0|15|2927.364014 91.313400 1212.486084
76561198828035194|0|15|2927.364014 91.313400 1212.486084
76561199410647601|0|15|2927.364014 91.313400 1212.486084
76561199096680357|0|15|2927.364014 91.313400 1212.486084
76561198862966677|0|15|2927.364014 91.313400 1212.486084
76561199067064962|0|15|2927.364014 91.313400 1212.486084
76561199163245054|0|15|2927.364014 91.313400 1212.486084
76561198073665425|0|15|2927.364014 91.313400 1212.486084
76561199033805652|0|15|2927.364014 91.313400 1212.486084
76561199069987920|0|15|2927.364014 91.313400 1212.486084
76561198253965792|0|15|2927.364014 91.313400 1212.486084
76561198312502612|0|15|2927.364014 91.313400 1212.486084
76561199504792329|0|16|2875.20361328125 109.36060333251953 8974.1640625
76561198995888379|0|17|4568.69921875 76.28154754638672 1781.6240234375
76561199232640474|0|18|4610.48828125 75.5879898071289 1830.299560546875
76561197997514551|0|18|4610.48828125 75.5879898071289 1830.299560546875
76561199467720931|0|19|4610.48828125 75.5879898071289 1830.299560546875
76561198169036991|0|20|4933.810059 126.823997 6770.870117
76561198068766658|0|20|4933.810059 126.823997 6770.870117
76561198073173738|0|20|4933.810059 126.823997 6770.870117
76561198812824132|0|20|4933.810059 126.823997 6770.870117
76561199376547537|0|20|4933.810059 126.823997 6770.870117
76561198884318995|0|20|4933.810059 126.823997 6770.870117
76561199515673967|0|20|4933.810059 126.823997 6770.870117
76561199073197971|0|20|4933.810059 126.823997 6770.870117
76561199043150407|0|20|4933.810059 126.823997 6770.870117
76561198826650151|0|21|8362.529297 137.456909 7167.400391
76561198340189124|0|21|8362.529297 137.456909 7167.400391
76561199296868711|0|21|8362.529297 137.456909 7167.400391
76561198995089800|0|21|8362.529297 137.456909 7167.400391
76561198802339884|0|22|4202.163574 126.820007 9102.076172
76561198236968356|0|22|4202.163574 126.820007 9102.076172
76561198845265872|0|22|4202.163574 126.820007 9102.076172
76561198135136933|0|22|4202.163574 126.820007 9102.076172
76561198372223375|0|22|4202.163574 126.820007 9102.076172
76561198800945694|0|22|4202.163574 126.820007 9102.076172
76561198978936862|0|22|4202.163574 126.820007 9102.076172
76561198876646569|0|22|4202.163574 126.820007 9102.076172
76561198392414842|0|22|4202.163574 126.820007 9102.076172
76561198878240878|0|22|4202.163574 126.820007 9102.076172
76561199519977371|0|22|4202.163574 126.820007 9102.076172
76561198351174268|0|22|4202.163574 126.820007 9102.076172
76561199200771571|0|22|4202.163574 126.820007 9102.076172
76561199183029522|0|22|4202.163574 126.820007 9102.076172
76561199512421712|0|22|4202.163574 126.820007 9102.076172
76561198061914673|0|22|4202.163574 126.820007 9102.076172
76561199423040014|0|22|4202.163574 126.820007 9102.076172
76561199079103915|0|22|4202.163574 126.820007 9102.076172
76561199182776550|0|22|4202.163574 126.820007 9102.076172
76561198000277447|0|22|4202.163574 126.820007 9102.076172
76561199091494860|0|22|4202.163574 126.820007 9102.076172
76561198278586061|0|23|5024.995605 126.832504 6829.425293
76561198087839528|0|23|4933.615723 126.832504 6776.776367
76561198278733490|0|23|4933.615723 126.832504 6776.776367
76561198050971760|0|23|4933.615723 126.832504 6776.776367
76561198268751075|0|23|4933.615723 126.832504 6776.776367
76561198011779207|0|23|4933.615723 126.832504 6776.776367
76561199012025228|0|23|4933.615723 126.832504 6776.776367
76561198293393099|0|23|4933.615723 126.832504 6776.776367
76561198278228473|0|23|4933.615723 126.832504 6776.776367
76561198005287105|0|23|4933.615723 126.832504 6776.776367
76561198934823236|0|26|4610.48828125 75.5879898071289 1830.299560546875
76561199150932351|0|27|4260.18701171875 115.13088989257813 3077.12890625
76561199269977070|0|27|4260.18701171875 115.13088989257813 3077.12890625
76561199065908302|0|27|4260.18701171875 115.13088989257813 3077.12890625
76561199002476978|0|29|4603.728515625 76.1550521850586 1789.8072509765626
76561198384155376|0|30|8362.529297 137.456909 7167.400391
76561198061566767|0|31|2854.050048828125 108.57499694824219 8968.6201171875
76561198042226303|0|31|2854.050048828125 108.57499694824219 8968.6201171875
76561198186295603|0|33|4597.669922 76.216904 1833.489990
76561199186362158|0|34|5831.498047 146.839996 7956.376953
76561199434483323|0|34|5831.498047 146.839996 7956.376953
76561199287703741|0|34|5831.498047 146.839996 7956.376953
76561198088201740|0|34|5831.498047 146.839996 7956.376953
76561199103475784|0|34|5831.498047 146.839996 7956.376953
76561199087508746|0|34|5831.498047 146.839996 7956.376953
76561199509246116|0|34|5831.498047 146.839996 7956.376953
76561199386514086|0|34|5831.498047 146.839996 7956.376953
76561199234014605|0|34|5831.498047 146.839996 7956.376953
76561199374472350|0|34|5831.498047 146.839996 7956.376953
76561199388923739|0|34|5831.498047 146.839996 7956.376953
76561199439556386|0|34|5831.498047 146.839996 7956.376953
76561198334005117|0|35|5038.394531 126.804703 6882.650879
76561198859793067|0|7|4994.9189453125 118.78250122070313 4655.98974609375
76561199484986001|0|22|4202.163574 126.820007 9102.076172
76561199503762613|0|8|4692.1162109375 57.20249557495117 1588.56494140625
76561198136921627|0|22|4202.163574 126.820007 9102.076172
76561198252989700|0|11|6881.143066 95.400002 2877.262939
76561199192395668|0|34|5831.498047 146.839996 7956.376953
76561199438226747|0|34|5831.498047 146.839996 7956.376953